1 5320 0
1 8597 0
115 201 0
115 258 0
115 393 0
115 882 0
115 1244 0
115 1323 0
115 1490 0
115 2111 0
115 2161 0
115 2445 0
115 2810 0
115 2834 0
115 2987 0
115 3574 0
115 3727 0
115 3759 0
115 3985 0
115 4553 0
115 4692 0
115 4705 0
115 4720 0
115 5061 0
115 5322 0
115 5336 0
115 6215 0
115 6239 0
115 6538 0
115 6544 0
115 7320 0
115 7380 0
115 7618 0
115 7655 0
115 7769 0
115 7830 0
115 8362 0
115 8420 0
115 8601 0
115 8940 0
115 9184 0
115 9463 0
115 9867 0
115 10358 0
115 10677 0
115 11123 0
115 11347 0
115 11498 0
115 12467 0
115 12996 0
115 13589 0
115 14684 0
115 14929 0
115 14967 0
115 14983 0
7 30 0
7 292 0
7 587 0
7 898 0
7 1110 0
7 1155 0
7 2009 0
7 4104 0
7 4843 0
7 5249 0
7 9764 0
7 9960 0
7 10978 0
7 12020 0
7 12956 0
7 14271 0
7 14576 0
8 8597 0
8 8659 0
8 14835 0
150 11 0
150 82 0
150 111 0
150 254 0
150 289 0
150 499 0
150 533 0
150 796 0
150 909 0
150 1253 0
150 1740 0
150 1798 0
150 1874 0
150 1974 0
150 2213 0
150 2595 0
150 2666 0
150 2730 0
150 3171 0
150 3206 0
150 3633 0
150 3779 0
150 3834 0
150 3945 0
150 4248 0
150 4259 0
150 4276 0
150 4339 0
150 4470 0
150 4544 0
150 4657 0
150 4848 0
150 4872 0
150 4920 0
150 5120 0
150 5228 0
150 5329 0
150 5467 0
150 5972 0
150 6000 0
150 6158 0
150 6277 0
150 6322 0
150 6512 0
150 6952 0
150 7032 0
150 7145 0
150 7313 0
150 7621 0
150 7697 0
150 8248 0
150 8250 0
150 8289 0
150 8861 0
150 8953 0
150 9189 0
150 9315 0
150 9399 0
150 9500 0
150 9885 0
150 9936 0
150 10333 0
150 10782 0
150 11195 0
150 11421 0
150 11520 0
150 11818 0
150 11957 0
150 12114 0
150 12160 0
150 12256 0
150 12480 0
150 12493 0
150 12705 0
150 12721 0
150 12782 0
150 13052 0
150 14324 0
150 14481 0
150 14935 0
150 14969 0
11 338 0
11 14477 0
12 2863 0
12 9225 0
12 10412 0
12 11450 0
136 538 0
136 718 0
136 1907 0
136 2756 0
136 4720 0
136 7314 0
136 8470 0
136 11347 0
136 12559 0
136 12938 0
20 802 0
20 4616 0
20 11450 0
20 12761 0
21 600 0
21 771 0
21 1123 0
21 1472 0
21 2663 0
21 5115 0
21 7935 0
21 11156 0
21 12002 0
21 12507 0
21 14366 0
22 796 0
22 1761 0
22 2051 0
22 4259 0
22 10786 0
23 111 0
23 679 0
23 968 0
23 1521 0
23 1812 0
23 2173 0
23 2316 0
23 2444 0
23 2507 0
23 2596 0
23 2660 0
23 2663 0
23 2801 0
23 2989 0
23 3075 0
23 3394 0
23 3581 0
23 3708 0
23 4260 0
23 4519 0
23 4730 0
23 4951 0
23 5249 0
23 5282 0
23 5328 0
23 5343 0
23 5387 0
23 5582 0
23 5595 0
23 5846 0
23 5883 0
23 6507 0
23 7008 0
23 7457 0
23 7617 0
23 7902 0
23 8476 0
23 8945 0
23 8992 0
23 9126 0
23 9547 0
23 9652 0
23 9973 0
23 10131 0
23 10152 0
23 10185 0
23 10195 0
23 10974 0
23 11013 0
23 12396 0
23 12707 0
23 13000 0
23 14529 0
23 14581 0
23 14912 0
91 30 0
91 63 0
91 147 0
91 316 0
91 358 0
91 590 0
91 782 0
91 802 0
91 1183 0
91 1225 0
91 1235 0
91 1432 0
91 1597 0
91 1675 0
91 1870 0
91 1989 0
91 1995 0
91 2009 0
91 2010 0
91 2125 0
91 2258 0
91 2261 0
91 2283 0
91 2318 0
91 2407 0
91 2596 0
91 2716 0
91 2791 0
91 3090 0
91 3147 0
91 3211 0
91 3376 0
91 3511 0
91 3715 0
91 3734 0
91 4155 0
91 4187 0
91 4228 0
91 4455 0
91 4551 0
91 4610 0
91 4669 0
91 4723 0
91 5030 0
91 5097 0
91 5137 0
91 5413 0
91 5484 0
91 5512 0
91 5529 0
91 5530 0
91 5635 0
91 5762 0
91 5799 0
91 6152 0
91 6157 0
91 6255 0
91 6687 0
91 6727 0
91 7081 0
91 7389 0
91 7558 0
91 7864 0
91 7944 0
91 8046 0
91 8335 0
91 8337 0
91 8341 0
91 8343 0
91 8362 0
91 8441 0
91 8577 0
91 8694 0
91 8727 0
91 8752 0
91 8780 0
91 8829 0
91 8869 0
91 8964 0
91 9075 0
91 9158 0
91 9795 0
91 9946 0
91 9964 0
91 10162 0
91 10426 0
91 10731 0
91 10784 0
91 10901 0
91 10902 0
91 10970 0
91 11023 0
91 11197 0
91 11212 0
91 11450 0
91 11824 0
91 11840 0
91 11947 0
91 12320 0
91 12374 0
91 12590 0
91 12756 0
91 12789 0
91 12870 0
91 12902 0
91 13101 0
91 13118 0
91 13135 0
91 13231 0
91 13362 0
91 13404 0
91 13526 0
91 13609 0
91 13622 0
91 13688 0
91 13786 0
91 13936 0
91 13950 0
91 14050 0
91 14219 0
91 14355 0
91 14608 0
91 14616 0
91 14673 0
91 14702 0
91 14717 0
91 14761 0
91 14971 0
93 28 0
93 36 0
93 142 0
93 74 0
93 141 0
93 258 0
93 356 0
93 447 0
93 633 0
93 718 0
93 762 0
93 832 0
93 1026 0
93 1115 0
93 1154 0
93 1213 0
93 1244 0
93 1347 0
93 1479 0
93 1523 0
93 1704 0
93 1743 0
93 1750 0
93 1795 0
93 1865 0
93 2042 0
93 2238 0
93 2389 0
93 2451 0
93 2693 0
93 3010 0
93 3046 0
93 3108 0
93 3169 0
93 3197 0
93 3414 0
93 3620 0
93 3865 0
93 4106 0
93 4230 0
93 4307 0
93 4364 0
93 4600 0
93 4634 0
93 4705 0
93 4895 0
93 5025 0
93 5090 0
93 5430 0
93 5736 0
93 5917 0
93 6018 0
93 6093 0
93 6131 0
93 6159 0
93 6239 0
93 6265 0
93 6311 0
93 6496 0
93 6518 0
93 6671 0
93 6719 0
93 6977 0
93 6982 0
93 7000 0
93 7029 0
93 7136 0
93 7143 0
93 7212 0
93 7320 0
93 7496 0
93 7497 0
93 7595 0
93 7618 0
93 7724 0
93 7919 0
93 7965 0
93 7967 0
93 8063 0
93 8367 0
93 8374 0
93 8493 0
93 8505 0
93 8601 0
93 8619 0
93 8641 0
93 8642 0
93 8673 0
93 8718 0
93 8731 0
93 8793 0
93 8859 0
93 8951 0
93 8979 0
93 9009 0
93 9096 0
93 9306 0
93 9676 0
93 9738 0
93 9758 0
93 9912 0
93 9986 0
93 10009 0
93 10026 0
93 10113 0
93 10286 0
93 10318 0
93 10321 0
93 10374 0
93 10418 0
93 10504 0
93 10658 0
93 10691 0
93 10706 0
93 10745 0
93 10766 0
93 10980 0
93 11154 0
93 11242 0
93 11347 0
93 11489 0
93 11533 0
93 11613 0
93 11748 0
93 11765 0
93 12074 0
93 12118 0
93 12193 0
93 12210 0
93 12211 0
93 12282 0
93 12305 0
93 12321 0
93 12407 0
93 12559 0
93 12598 0
93 12638 0
93 12698 0
93 12719 0
93 12933 0
93 12996 0
93 13095 0
93 13105 0
93 13217 0
93 13486 0
93 13601 0
93 13632 0
93 13853 0
93 13926 0
93 14329 0
93 14518 0
93 14661 0
93 14684 0
93 14792 0
93 14794 0
93 14835 0
93 14854 0
93 14862 0
93 14928 0
93 14968 0
93 15007 0
93 15248 0
28 4205 0
28 5579 0
30 84 0
30 802 0
30 7701 0
30 8816 0
30 9262 0
30 9426 0
30 10750 0
30 11013 0
30 14571 0
30 14890 0
36 14477 0
40 3715 0
40 11997 0
40 12962 0
43 827 0
43 3876 0
43 4179 0
43 5567 0
43 6520 0
43 9805 0
43 13022 0
142 74 0
142 775 0
142 899 0
142 1006 0
142 1573 0
142 1654 0
142 2343 0
142 2733 0
142 5205 0
142 5666 0
142 5874 0
142 7139 0
142 7348 0
142 7754 0
142 7930 0
142 8196 0
142 8731 0
142 8797 0
142 9217 0
142 9850 0
142 9853 0
142 10391 0
142 10545 0
142 10610 0
142 10638 0
142 11046 0
142 11457 0
142 13086 0
142 13105 0
142 13672 0
142 13967 0
142 14145 0
142 14150 0
142 14670 0
142 14849 0
48 3581 0
48 4873 0
48 5883 0
48 7219 0
48 7403 0
48 8484 0
48 9080 0
48 10030 0
48 14402 0
49 802 0
49 1510 0
49 5249 0
49 11450 0
60 4872 0
60 7481 0
60 11285 0
62 1141 0
62 1432 0
62 5249 0
62 7004 0
62 11013 0
65 1655 0
65 3794 0
65 11013 0
65 11450 0
73 292 0
73 1110 0
73 1114 0
73 1390 0
73 1732 0
73 1812 0
73 2173 0
73 2507 0
73 3065 0
73 3178 0
73 3770 0
73 4104 0
73 4301 0
73 4730 0
73 4843 0
73 5282 0
73 5343 0
73 5565 0
73 5582 0
73 5744 0
73 5883 0
73 6102 0
73 7095 0
73 7103 0
73 7457 0
73 7657 0
73 7704 0
73 8657 0
73 8867 0
73 9123 0
73 9126 0
73 9283 0
73 9894 0
73 10052 0
73 10195 0
73 10771 0
73 11169 0
73 11329 0
73 12045 0
73 12956 0
73 13000 0
73 13187 0
73 14271 0
73 14576 0
73 14765 0
74 11285 0
77 312 0
77 368 0
77 570 0
77 600 0
77 683 0
77 2384 0
77 2663 0
77 4089 0
77 4985 0
77 6206 0
77 7379 0
77 7935 0
77 8469 0
77 8926 0
77 8983 0
77 10421 0
77 11013 0
77 11450 0
77 12592 0
77 12761 0
77 14366 0
80 292 0
80 443 0
80 459 0
80 525 0
80 579 0
80 657 0
80 679 0
80 913 0
80 1059 0
80 1110 0
80 1756 0
80 2009 0
80 2254 0
80 2300 0
80 2638 0
80 2660 0
80 3018 0
80 3224 0
80 3340 0
80 3395 0
80 3429 0
80 3502 0
80 3918 0
80 4104 0
80 4843 0
80 4844 0
80 4871 0
80 4873 0
80 4996 0
80 5062 0
80 6692 0
80 6712 0
80 7677 0
80 8570 0
80 9071 0
80 9606 0
80 10381 0
80 10409 0
80 10417 0
80 10644 0
80 10881 0
80 11248 0
80 11682 0
80 11877 0
80 11944 0
80 11973 0
80 12067 0
80 12692 0
80 12761 0
80 12956 0
80 13009 0
80 13122 0
80 13145 0
80 13673 0
80 13813 0
80 13826 0
80 14271 0
80 14576 0
80 14800 0
80 14960 0
82 141 0
82 600 0
82 2529 0
82 2597 0
82 3702 0
82 4038 0
82 4749 0
82 5103 0
82 5422 0
82 6337 0
82 8225 0
82 9332 0
82 9686 0
82 9822 0
82 9864 0
82 10253 0
82 10294 0
82 11840 0
82 12372 0
82 12501 0
82 12723 0
82 13065 0
82 13728 0
82 13815 0
84 823 0
84 2406 0
84 3867 0
84 5249 0
84 6524 0
84 11013 0
84 12569 0
84 12761 0
84 14219 0
147 545 0
147 2810 0
147 5115 0
147 8151 0
147 8280 0
147 9549 0
147 10079 0
92 414 0
141 251 0
141 324 0
141 1983 0
141 2654 0
141 3406 0
141 3732 0
141 3744 0
141 4053 0
141 4302 0
141 4705 0
141 5123 0
141 5214 0
141 6018 0
141 6174 0
141 8940 0
141 11533 0
141 12210 0
141 12308 0
141 13219 0
141 13455 0
141 13611 0
141 14259 0
141 14393 0
141 14601 0
141 14937 0
113 198 0
113 1324 0
113 1742 0
113 1799 0
113 2074 0
113 2202 0
113 2810 0
113 6367 0
113 7320 0
113 7768 0
113 7860 0
113 7998 0
113 8185 0
113 8226 0
113 8297 0
113 9622 0
113 10548 0
113 10840 0
113 11166 0
113 11174 0
113 11457 0
113 12013 0
113 12110 0
113 13757 0
113 14059 0
113 14929 0
113 15113 0
125 1007 0
125 1323 0
125 1524 0
125 1869 0
125 1873 0
125 2699 0
125 3053 0
125 3438 0
125 3470 0
125 3629 0
125 3725 0
125 3739 0
125 3922 0
125 4127 0
125 4322 0
125 4428 0
125 5301 0
125 5567 0
125 5863 0
125 5946 0
125 6307 0
125 6520 0
125 6628 0
125 7001 0
125 7157 0
125 8840 0
125 8940 0
125 9018 0
125 9180 0
125 9381 0
125 9549 0
125 9927 0
125 10548 0
125 10745 0
125 11154 0
125 11188 0
125 12110 0
125 12559 0
125 12608 0
125 12684 0
125 13022 0
125 13486 0
125 13563 0
125 14028 0
102 3629 0
104 936 0
104 4650 0
104 5863 0
104 11154 0
104 11420 0
104 14601 0
104 14929 0
104 14967 0
111 3629 0
130 936 0
130 4650 0
130 5863 0
130 11154 0
130 11420 0
130 14601 0
130 14929 0
130 14967 0
152 1289 0
152 5190 0
152 5972 0
152 6277 0
152 6322 0
152 8425 0
152 9000 0
152 10085 0
152 11220 0
152 11270 0
164 1702 0
164 14477 0
177 6648 0
177 6680 0
177 14477 0
178 14477 0
